A	Electronic	68.84	6	433.692		2019	5.8
A	Electronic	46.95	5	246.4875	2019	7.1
A	Electronic	34.56	5	181.44		2019	9.9
A	Electronic	60.88	9	575.316		2019	4.7
A	Electronic	97.16	1	102.018		2019	7.2
A	Electronic	88.67	10	931.035		2019	7.3
A	Electronic	99.56	8	836.304		2019	5.2
A	Electronic	26.31	5	138.1275	2019	8.8
A	Electronic	32.71	5	171.7275	2019	9.9
A	Electronic	26.23	9	247.8735	2019	5.9
A	Electronic	94.64	3	298.116		2019	5.5
A	Electronic	77.72	4	326.424		2019	8.8
A	Electronic	66.35	1	69.6675		2019	9.7
A	Electronic	32.25	4	135.45		2019	6.5
A	Electronic	75.06	9	709.317		2019	6.2
A	Electronic	62.48	1	65.604		2019	4.7
A	Electronic	51.19	4	214.998		2020	4.7
A	Electronic	72.2	7	530.67		2020	4.3
A	Electronic	26.48	3	83.412		2020	4.7
A	Electronic	36.36	4	152.712		2020	7.6
A	Electronic	28.45	5	149.3625	2020	9.1
A	Electronic	71.95	1	75.5475		2020	7.3
A	Electronic	26.02	7	191.247		2020	5.1
A	Electronic	51.69	7	379.9215	2020	5.5
A	Electronic	21.5	9	203.175		2020	7.8
A	Electronic	76.82	1	80.661		2020	7.2
A	Electronic	25.22	7	185.367		2020	8.2
A	Electronic	23.46	6	147.798		2020	6.4
A	Electronic	20.77	4	87.234		2020	4.7
A	Electronic	64.44	5	338.31		2020	6.6
A	Electronic	38.6	1	40.53		2020	6.7
A	Electronic	24.18	8	203.112		2020	9.8
A	Electronic	99.55	7	731.6925	2020	7.6
A	Electronic	66.06	6	416.178		2020	7.3
A	Electronic	19.32	7	142.002		2020	6.9
A	Electronic	74.51	6	469.413		2020	5
B	Electronic	25.51	4	107.142		2019	6.8
B	Electronic	93.96	4	394.632		2019	9.5
B	Electronic	18.93	6	119.259		2019	8.1
B	Electronic	87.45	6	550.935		2019	8.8
B	Electronic	72.17	1	75.7785		2019	6.1
B	Electronic	52.89	6	333.207		2019	9.8
B	Electronic	57.49	4	241.458		2019	6.6
B	Electronic	99.73	9	942.4485	2019	6.5
B	Electronic	45.35	6	285.705		2019	6.1
B	Electronic	90.7	6	571.41		2019	5.3
B	Electronic	10.59	3	33.3585		2019	8.7
B	Electronic	13.22	5	69.405		2019	4.3
B	Electronic	81.4	3	256.41		2019	4.8
B	Electronic	40.3	10	423.15		2019	7
B	Electronic	14.96	8	125.664		2019	8.6
B	Electronic	48.09	3	151.4835	2020	7.8
B	Electronic	27.5	3	86.625		2020	6.5
B	Electronic	26.26	7	193.011		2020	9.9
B	Electronic	23.65	4	99.33		2020	4
B	Electronic	19.24	9	181.818		2020	8
B	Electronic	74.71	6	470.673		2020	6.7
B	Electronic	22.01	6	138.663		2020	7.6
B	Electronic	79.39	10	833.595		2020	6.2
B	Electronic	45.71	3	143.9865	2020	7.7
B	Electronic	22.95	10	240.975		2020	8.2
B	Electronic	21.58	9	203.931		2020	7.3
B	Electronic	42.42	8	356.328		2020	5.7
C	Electronic	15.28	5	80.22		2019	9.6
C	Electronic	85.39	7	627.6165	2019	4.1
C	Electronic	86.04	5	451.71		2019	4.8
C	Electronic	85.98	8	722.232		2019	8.2
C	Electronic	30.61	6	192.843		2019	9.3
C	Electronic	75.91	6	478.233		2019	8.7
C	Electronic	41.65	10	437.325		2019	5.4
C	Electronic	12.45	6	78.435		2019	4.1
C	Electronic	23.07	9	218.0115	2019	4.9
C	Electronic	81.97	10	860.685		2019	9.2
C	Electronic	20.85	8	175.14		2019	6.3
C	Electronic	61.41	7	451.3635	2019	9.8
C	Electronic	66.65	9	629.8425	2019	9.7
C	Electronic	11.81	5	62.0025		2019	9.4
C	Electronic	37.06	4	155.652		2019	9.7
C	Electronic	65.94	4	276.948		2019	6.9
C	Electronic	27.85	7	204.6975	2019	6
C	Electronic	51.92	5	272.58		2019	7.5
C	Electronic	28.84	4	121.128		2020	6.4
C	Electronic	78.13	10	820.365		2020	4.4
C	Electronic	74.79	5	392.6475	2020	4.9
C	Electronic	47.65	3	150.0975	2020	9.5
C	Electronic	30.24	1	31.752		2020	8.4
C	Electronic	51.32	9	484.974		2020	5.6
C	Electronic	26.61	2	55.881		2020	4.2
C	Electronic	84.05	3	264.7575	2020	9.8
C	Electronic	40.86	8	343.224		2020	6.5
C	Electronic	46.57	10	488.985		2020	7.6
C	Electronic	98.84	1	103.782		2020	8.4
C	Electronic	84.07	4	353.094		2020	4.4
C	Electronic	32.8	10	344.4		2020	6.2
C	Electronic	63.22	2	132.762		2020	8.5
C	Electronic	18.77	6	118.251		2020	5.5
C	Electronic	22.21	6	139.923		2020	8.6
A	Fashion		87.67	2	184.107		2019	7.7
A	Sports		40.23	7	295.6905	2020	9.6
A	Sports		44.65	3	140.6475	2020	6.2
A	Fashion		20.01	9	189.0945	2019	5.7
A	Fashion		30.14	10	316.47		2019	9.2
A	Fashion		83.24	9	786.618		2019	7.4
A	Fashion		98.98	10	1039.29		2019	8.7
A	Fashion		89.69	1	94.1745		2019	4.9
A	Fashion		17.94	5	94.185		2019	6.8
A	Fashion		81.91	2	172.011		2020	7.8
A	Fashion		61.77	5	324.2925	2020	6.7
A	Fashion		77.02	5	404.355		2020	5.5
A	Fashion		76.4	9	721.98		2020	7.5
A	Fashion		77.93	9	736.4385	2020	7.6
A	Fashion		96.7	5	507.675		2020	7
A	Fashion		43.13	10	452.865		2020	5.5
A	Fashion		37.15	4	156.03		2020	8.3
A	Fashion		19.66	10	206.43		2020	7.2
A	Fashion		54.28	7	398.958		2020	9.3
A	Fashion		86.68	8	728.112		2020	7.2
A	Fashion		73.05	4	306.81		2020	4.9
A	Fashion		29.42	10	308.91		2020	8.9
A	Fashion		65.74	9	621.243		2020	7.7
B	Fashion		14.48	4	60.816		2019	4.5
B	Fashion		33.52	1	35.196		2019	6.7
B	Fashion		94.13	5	494.1825	2019	4.8
B	Fashion		17.87	4	75.054		2019	6.5
B	Fashion		97.61	6	614.943		2019	9.9
B	Fashion		72.84	7	535.374		2019	8.4
B	Fashion		21.94	5	115.185		2019	5.3
B	Fashion		51.36	1	53.928		2019	5.2
B	Fashion		56.47	8	474.348		2019	7.3
B	Fashion		39.62	7	291.207		2019	7.5
B	Fashion		91.54	4	384.468		2019	4.8
B	Fashion		73.52	2	154.392		2019	4.6
B	Fashion		30.37	3	95.6655		2019	5.1
B	Fashion		94.87	8	796.908		2019	8.7
B	Fashion		81.37	2	170.877		2019	6.5
B	Fashion		73.82	4	310.044		2019	6.7
B	Fashion		32.62	4	137.004		2019	9
B	Fashion		38.3	4	160.86		2019	5.7
B	Fashion		47.97	7	352.5795	2019	6.2
B	Fashion		54.73	7	402.2655	2020	8.5
B	Fashion		60.96	2	128.016		2020	4.9
B	Fashion		37.95	10	398.475		2020	9.7
B	Fashion		39.75	5	208.6875	2020	9.6
B	Fashion		68.71	4	288.582		2020	4.1
B	Fashion		25.42	8	213.528		2020	6.7
B	Fashion		40.61	9	383.7645	2020	7
B	Fashion		69.08	2	145.068		2020	6.9
B	Fashion		95.54	7	702.219		2020	9.6
B	Fashion		47.44	1	49.812		2020	6.8
B	Fashion		29.56	5	155.19		2020	6.9
B	Fashion		41.09	10	431.445		2020	7.3
B	Fashion		34.7	2	72.87		2020	8.2
B	Fashion		99.89	2	209.769		2020	7.1
B	Fashion		39.21	4	164.682		2020	9
B	Fashion		59.86	2	125.706		2020	6.7
B	Fashion		73.96	1	77.658		2020	5
B	Fashion		57.27	3	180.4005	2020	6.5
B	Fashion		54.31	9	513.2295	2020	8.9
B	Fashion		72.04	2	151.284		2020	9.5
B	Fashion		99.25	2	208.425		2020	9
B	Fashion		79.86	7	586.971		2020	5.5
B	Fashion		81.31	7	597.6285	2020	6.3
B	Fashion		18.08	4	75.936		2020	9.5
B	Fashion		93.22	3	293.643		2020	7.2
C	Fashion		82.63	10	867.615		2019	7.9
C	Fashion		15.43	1	16.2015		2019	6.1
C	Fashion		62.12	10	652.26		2019	5.9
C	Fashion		49.04	9	463.428		2019	8.6
C	Fashion		76.52	5	401.73		2019	9.9
C	Fashion		48.71	1	51.1455		2019	4.1
C	Fashion		78.55	9	742.2975	2019	7.2
C	Fashion		27.38	6	172.494		2019	7.9
C	Fashion		27.02	3	85.113		2019	7.1
C	Fashion		31.73	9	299.8485	2019	5.9
C	Fashion		90.22	3	284.193		2019	6.2
C	Fashion		22.51	7	165.4485	2019	4.8
C	Fashion		64.26	7	472.311		2019	5.7
C	Fashion		74.29	1	78.0045		2019	5
C	Fashion		12.54	1	13.167		2019	8.2
C	Fashion		44.22	5	232.155		2019	8.6
C	Fashion		93.2	2	195.72		2019	6
C	Fashion		35.19	10	369.495		2019	8.4
C	Fashion		16.45	4	69.09		2019	5.6
C	Fashion		95.42	4	400.764		2019	6.4
C	Fashion		70.99	10	745.395		2019	5.7
C	Fashion		99.82	2	209.622		2020	6.7
C	Fashion		69.33	2	145.593		2020	9.7
C	Fashion		99.3	10	1042.65		2020	6.6
C	Fashion		37.55	10	394.275		2020	9.3
C	Fashion		81.68	4	343.056		2020	9.1
C	Fashion		42.08	6	265.104		2020	8.9
C	Fashion		96.98	4	407.316		2020	9.4
C	Fashion		54.07	9	510.9615	2020	9.5
C	Fashion		80.48	3	253.512		2020	8.1
C	Fashion		97.79	7	718.7565	2020	4.9
C	Fashion		23.82	5	125.055		2020	5.4
C	Fashion		97.21	10	1020.705	2020	8.7
C	Fashion		16.28	1	17.094		2020	5
C	Fashion		12.78	1	13.419		2020	9.5
C	Fashion		45.74	3	144.081		2020	6.5
C	Fashion		31.9	1	33.495		2020	9.1
C	Fashion		51.47	1	54.0435		2020	8.5
C	Fashion		92.98	2	195.258		2020	8
C	Fashion		59.61	10	625.905		2020	5.3
A	Food		43.19	10	453.495		2019	8.2
A	Food		54.67	3	172.2105	2019	8.6
A	Food		44.59	5	234.0975	2019	8.5
A	Food		49.38	7	362.943		2019	7.3
A	Food		52.75	3	166.1625	2019	9.3
A	Food		58.26	6	367.038		2019	9.9
A	Food		10.96	10	115.08		2019	6
A	Food		92.29	5	484.5225	2019	9
A	Food		45.79	7	336.5565	2019	7
A	Food		51.28	6	323.064		2019	6.5
A	Food		22.17	8	186.228		2019	9.6
A	Food		73.88	6	465.444		2019	4.4
A	Food		43.25	2	90.825		2019	6.2
A	Food		24.94	9	235.683		2019	5.6
A	Food		36.36	2	76.356		2020	7.1
A	Food		14.23	5	74.7075		2020	4.4
A	Food		99.78	5	523.845		2020	5.4
A	Food		32.9	3	103.635		2020	9.1
A	Food		23.48	2	49.308		2020	7.9
A	Food		80.96	8	680.064		2020	7.4
A	Food		40.94	5	214.935		2020	9.9
A	Food		54.27	5	284.9175	2020	4.6
A	Food		13.79	5	72.3975		2020	7.8
A	Food		63.61	5	333.9525	2020	4.8
A	Food		51.34	5	269.535		2020	9.1
A	Food		81.71	6	514.773		2020	8
A	Food		41.66	6	262.458		2020	5.6
A	Food		81.21	10	852.705		2020	6.3
A	Food		10.13	7	74.4555		2020	8.3
A	Food		52.34	3	164.871		2020	9.2
B	Food		54.84	3	172.746		2019	5.9
B	Food		88.36	5	463.89		2019	9.6
B	Food		20.01	9	189.0945	2019	4.1
B	Food		48.52	3	152.838		2019	4
B	Food		96.68	3	304.542		2019	6.4
B	Food		39.9	10	418.95		2019	5.9
B	Food		80.05	5	420.2625	2019	9.4
B	Food		19.79	8	166.236		2019	8.7
B	Food		18.08	3	56.952		2019	8
B	Food		57.34	3	180.621		2019	7.9
B	Food		62.08	7	456.288		2019	5.4
B	Food		73.06	7	536.991		2019	4.2
B	Food		46.55	9	439.8975	2019	6.4
B	Food		74.6	10	783.3		2019	9.5
B	Food		48.51	7	356.5485	2019	5.2
B	Food		42.82	9	404.649		2020	8.9
B	Food		89.14	4	374.388		2020	7.8
B	Food		99.69	5	523.3725	2020	9.9
B	Food		18.22	7	133.917		2020	6.6
B	Food		20.87	3	65.7405		2020	8
B	Food		77.4	9	731.43		2020	4.5
B	Food		73.05	10	767.025		2020	8.7
B	Food		84.05	6	529.515		2020	7.7
B	Food		54.36	10	570.78		2020	6.1
B	Food		71.2	1	74.76		2020	9.2
B	Food		72.39	2	152.019		2020	8.1
B	Food		60.3	4	253.26		2020	5.8
B	Food		57.89	2	121.569		2020	8.9
C	Food		99.42	4	417.564		2019	7.5
C	Food		98.7	8	829.08		2019	7.6
C	Food		91.4	7	671.79		2019	9.5
C	Food		89.48	10	939.54		2019	9.6
C	Food		78.31	10	822.255		2019	6.6
C	Food		19.25	8	161.7		2019	6.6
C	Food		80.36	4	337.512		2019	8.3
C	Food		33.98	9	321.111		2019	4.2
C	Food		68.54	8	575.736		2019	8.5
C	Food		30.41	1	31.9305		2019	8.4
C	Food		16.48	6	103.824		2019	9.9
C	Food		43.18	8	362.712		2019	8.3
C	Food		38.47	8	323.148		2019	7.7
C	Food		87.8	9	829.71		2019	9.2
C	Food		71.39	5	374.7975	2019	5.5
C	Food		93.26	9	881.307		2019	8.8
C	Food		48.61	1	51.0405		2020	4.4
C	Food		99.37	2	208.677		2020	5.2
C	Food		21.08	3	66.402		2020	7.3
C	Food		22.93	9	216.6885	2020	5.5
C	Food		94.26	4	395.892		2020	8.6
C	Food		97.03	5	509.4075	2020	9.3
C	Food		94.47	8	793.548		2020	9.1
C	Food		99.79	2	209.559		2020	8
C	Food		41.24	4	173.208		2020	7.1
C	Food		74.89	4	314.538		2020	4.2
C	Food		46.77	6	294.651		2020	6
C	Food		39.43	6	248.409		2020	9.4
C	Food		38.6	3	121.59		2020	7.5
C	Food		43.27	2	90.867		2020	5.7
C	Food		17.04	4	71.568		2020	7
C	Food		17.44	5	91.56		2020	8.1
C	Food		27.66	10	290.43		2020	8.9
C	Food		35.89	1	37.6845		2020	7.9
C	Food		40.52	5	212.73		2020	4.5
C	Food		22.62	1	23.751		2020	6.4
C	Food		21.58	1	22.659		2020	7.2
C	Food		65.97	8	554.148		2020	8.4
C	Food		90.24	6	568.512		2020	6.2
C	Food		16.31	9	154.1295	2020	8.4
C	Food		87.48	6	551.124		2020	5.1
C	Food		98.52	10	1034.46		2020	4.5
C	Food		89.2	10	936.6		2020	4.4
C	Food		31.77	4	133.434		2020	6.2
C	Food		27.22	3	85.743		2020	7.3
A	Health		74.69	7	548.9715	2019	9.1
A	Health		58.22	8	489.048		2019	8.4
A	Health		36.26	2	76.146		2019	7.2
A	Health		71.38	10	749.49		2019	5.7
A	Health		68.93	7	506.6355	2019	4.6
A	Health		24.89	9	235.2105	2019	7.4
A	Health		96.58	2	202.818		2019	5.1
A	Health		89.6	8	752.64		2019	6.6
A	Health		15.87	10	166.635		2019	5.8
A	Health		18.33	1	19.2465		2019	4.3
A	Health		32.46	8	272.664		2019	4.9
A	Health		70.01	5	367.5525	2019	5.5
A	Health		23.03	9	217.6335	2019	7.9
A	Health		51.94	10	545.37		2019	6.5
A	Health		59.77	2	125.517		2019	5.8
A	Health		99.83	6	628.929		2019	8.5
A	Health		47.67	4	200.214		2019	9.1
A	Health		15.55	9	146.9475	2020	5
A	Health		15.26	6	96.138		2020	9.8
A	Health		32.32	10	339.36		2020	10
A	Health		79.74	1	83.727		2020	7.3
A	Health		77.5	5	406.875		2020	4.3
A	Health		20.97	5	110.0925	2020	7.8
A	Health		53.17	7	390.7995	2020	8.9
A	Health		25	1	26.25		2020	5.5
A	Health		65.18	3	205.317		2020	6.3
A	Health		25.43	6	160.209		2020	7
A	Health		64.27	4	269.934		2020	7.7
A	Health		77.68	4	326.256		2020	8.4
A	Health		51.71	4	217.182		2020	9.8
A	Health		14.62	5	76.755		2020	4.4
B	Health		87.98	3	277.137		2019	5.1
B	Health		56.69	9	535.7205	2019	8.4
B	Health		75.74	4	318.108		2019	7.6
B	Health		76.99	6	485.037		2019	6.1
B	Health		64.36	9	608.202		2019	8.6
B	Health		87.87	10	922.635		2019	5.1
B	Health		30.35	7	223.0725	2019	8
B	Health		97.22	9	918.729		2019	6
B	Health		42.57	8	357.588		2019	5.6
B	Health		25.9	10	271.95		2019	8.7
B	Health		69.37	9	655.5465	2019	4
B	Health		84.09	9	794.6505	2019	8
B	Health		99.71	6	628.173		2019	7.9
B	Health		66.68	5	350.07		2019	7.6
B	Health		18.11	10	190.155		2019	5.9
B	Health		39.01	1	40.9605		2019	4.7
B	Health		51.13	4	214.746		2019	4
B	Health		55.97	7	411.3795	2020	8.9
B	Health		76.9	7	565.215		2020	7.7
B	Health		13.5	10	141.75		2020	4.8
B	Health		41.06	6	258.678		2020	8.3
B	Health		34.21	10	359.205		2020	5.1
B	Health		96.11	1	100.9155	2020	7.8
B	Health		57.22	2	120.162		2020	8.3
B	Health		19.15	1	20.1075		2020	9.5
B	Health		27.07	1	28.4235		2020	5.3
B	Health		72.57	8	609.588		2020	4.6
B	Health		25.32	8	212.688		2020	8.7
B	Health		61.29	5	321.7725	2020	7
B	Health		54.86	5	288.015		2020	9.8
B	Health		58.24	9	550.368		2020	9.7
B	Health		69.51	2	145.971		2020	8.1
B	Health		14.82	3	46.683		2020	8.7
C	Health		54.92	8	461.328		2019	7.6
C	Health		15.37	2	32.277		2019	7.2
C	Health		33.47	2	70.287		2019	6.7
C	Health		20.38	5	106.995		2019	6
C	Health		99.19	6	624.897		2019	5.5
C	Health		89.75	1	94.2375		2019	6.6
C	Health		98.21	3	309.3615	2019	7.8
C	Health		81.3	6	512.19		2019	5.3
C	Health		90.5	10	950.25		2019	8.1
C	Health		68.6	10	720.3		2019	9.1
C	Health		46.26	6	291.438		2019	9.5
C	Health		66.14	4	277.788		2019	5.6
C	Health		86.8	3	273.42		2019	9.9
C	Health		34.31	8	288.204		2019	5.7
C	Health		43.7	2	91.77		2019	4.9
C	Health		41.5	4	174.3		2019	8.2
C	Health		17.41	5	91.4025		2019	4.9
C	Health		21.12	2	44.352		2019	9.7
C	Health		29.67	7	218.0745	2020	8.1
C	Health		44.07	4	185.094		2020	8.4
C	Health		39.42	1	41.391		2020	8.4
C	Health		81.51	1	85.5855		2020	9.2
C	Health		37.15	7	273.0525	2020	7.7
C	Health		62.87	2	132.027		2020	5
C	Health		75.88	1	79.674		2020	7.1
C	Health		46.53	6	293.139		2020	4.3
A	Home		46.33	7	340.5255	2019	7.4
A	Home		52.59	8	441.756		2019	8.5
A	Home		44.34	2	93.114		2019	5.8
A	Home		72.35	10	759.675		2019	5.4
A	Home		74.67	9	705.6315	2019	9.4
A	Home		58.07	9	548.7615	2019	4.3
A	Home		93.69	7	688.6215	2019	4.5
A	Home		34.42	6	216.846		2019	9.8
A	Home		77.95	6	491.085		2019	8
A	Home		33.84	9	319.788		2019	8.8
A	Home		74.07	1	77.7735		2019	9.9
A	Home		25.29	1	26.5545		2019	6.1
A	Home		18.28	1	19.194		2019	8.3
A	Home		63.42	8	532.728		2019	7.4
A	Home		62.65	4	263.13		2019	4.2
A	Home		47.59	8	399.756		2019	5.7
A	Home		23.75	4	99.75		2019	5.2
A	Home		58.9	8	494.76		2019	8.9
A	Home		25.91	6	163.233		2019	8.7
A	Home		70.74	4	297.108		2019	4.4
A	Home		35.54	10	373.17		2019	7
A	Home		21.54	9	203.553		2019	8.8
A	Home		12.03	2	25.263		2019	5.1
A	Home		69.96	8	587.664		2019	6.4
A	Home		94.88	7	697.368		2019	4.2
A	Home		78.38	6	493.794		2020	5.8
A	Home		60.01	4	252.042		2020	4.5
A	Home		88.79	8	745.836		2020	4.1
A	Home		21.52	6	135.576		2020	9.4
A	Home		73.22	6	461.286		2020	7.2
A	Home		65.94	4	276.948		2020	6
A	Home		67.09	5	352.2225	2020	9.1
A	Home		56.53	4	237.426		2020	5.5
A	Home		50.93	8	427.812		2020	9.2
A	Home		90.65	10	951.825		2020	7.3
A	Home		33.99	6	214.137		2020	7.7
A	Home		89.21	9	843.0345	2020	6.5
A	Home		42.91	5	225.2775	2020	6.1
A	Home		34.73	2	72.933		2020	9.7
A	Home		37.44	6	235.872		2020	5.9
A	Home		28.32	5	148.68		2020	6.2
A	Home		97.94	1	102.837		2020	6.9
A	Home		30.68	3	96.642		2020	9.1
A	Home		72.42	3	228.123		2020	8.2
B	Home		40.3	2	84.63		2019	4.4
B	Home		33.2	2	69.72		2019	4.4
B	Home		30.12	8	253.008		2019	7.7
B	Home		86.72	1	91.056		2019	7.9
B	Home		16.16	2	33.936		2019	6.5
B	Home		82.7	6	521.01		2019	7.4
B	Home		53.44	2	112.224		2019	4.1
B	Home		71.86	8	603.624		2019	6.2
B	Home		50.28	5	263.97		2019	9.7
B	Home		94.49	8	793.716		2019	7.5
B	Home		46.47	4	195.174		2019	7
B	Home		77.04	3	242.676		2019	7.2
B	Home		25.55	4	107.31		2019	5.7
B	Home		17.77	5	93.2925		2019	5.4
B	Home		92.36	5	484.89		2019	4.9
B	Home		93.87	8	788.508		2019	8.3
B	Home		22.02	9	208.089		2020	6.8
B	Home		27	    9	255.15		2020	4.8
B	Home		35.38	9	334.341		2020	9.6
B	Home		13.59	9	128.4255	2020	5.8
B	Home		60.38	10	633.99		2020	6
B	Home		77.68	9	734.076		2020	9.8
B	Home		38.81	4	163.002		2020	4.9
B	Home		37.48	3	118.062		2020	7.7
B	Home		82.04	5	430.71		2020	7.6
B	Home		31.75	4	133.35		2020	8.6
C	Home		73.56	10	772.38		2019	8
C	Home		56.11	2	117.831		2019	6.3
C	Home		55.73	6	351.099		2019	7
C	Home		47.38	4	198.996		2019	7.1
C	Home		80.79	9	763.4655	2019	9.5
C	Home		63.91	8	536.844		2019	4.6
C	Home		95.58	10	1003.59		2019	4.8
C	Home		69.81	4	293.202		2019	5.9
C	Home		28.53	10	299.565		2019	7.8
C	Home		35.47	4	148.974		2019	6.9
C	Home		21.82	10	229.11		2019	7.1
C	Home		37	1	38.85		2019	7.9
C	Home		74.86	1	78.603		2019	6.9
C	Home		88.61	1	93.0405		2020	7.7
C	Home		89.25	8	749.7		2020	4.7
C	Home		70.11	6	441.693		2020	5.2
C	Home		46.22	4	194.124		2020	6.2
C	Home		13.98	1	14.679		2020	9.8
C	Home		45.38	4	190.596		2020	8.7
C	Home		83.77	6	527.751		2020	5.4
C	Home		22.96	1	24.108		2020	4.3
C	Home		12.12	10	127.26		2020	8.4
C	Home		69.4	2	145.74		2020	9
C	Home		15.95	6	100.485		2020	5.1
C	Home		39.39	5	206.7975	2020	8.7
C	Home		83.17	6	523.971		2020	7.3
C	Home		16.67	7	122.5245	2020	7.4
C	Home		24.24	7	178.164		2020	9.4
A	Sports		86.31	7	634.3785	2019	5.3
A	Sports		72.61	6	457.443		2019	6.9
A	Sports		88.63	3	279.1845	2019	6
A	Sports		62.62	5	328.755		2019	7
A	Sports		15.81	10	166.005		2019	8.6
A	Sports		78.77	10	827.085		2019	6.4
A	Sports		42.47	1	44.5935		2019	5.7
A	Sports		21.98	7	161.553		2019	5.1
A	Sports		62.13	6	391.419		2019	7.4
A	Sports		32.25	5	169.3125	2019	9
A	Sports		92.13	6	580.419		2019	8.3
A	Sports		72.5	8	609		2019	9.2
A	Sports		63.69	1	66.8745		2019	6
A	Sports		69.52	7	510.972		2019	8.5
A	Sports		15.5	10	162.75		2019	8
A	Sports		12.34	7	90.699		2019	6.7
A	Sports		93.14	2	195.594		2019	4.1
A	Sports		22.24	10	233.52		2019	4.2
A	Sports		98.4	7	723.24		2019	8.7
A	Sports		44.02	10	462.21		2019	9.6
A	Sports		15.34	1	16.107		2019	6.5
A	Sports		82.33	4	345.786		2020	7.5
A	Sports		52.26	10	548.73		2020	6.2
A	Sports		67.26	4	282.492		2020	8
A	Sports		25.84	3	81.396		2020	6.6
A	Sports		19.1	7	140.385		2020	9.7
A	Sports		40.05	4	168.21		2020	9.7
A	Sports		33.26	5	174.615		2020	4.2
A	Sports		37.14	5	194.985		2020	5
A	Sports		51.52	8	432.768		2020	9.6
A	Sports		91.41	5	479.9025	2020	7.1
A	Sports		98.09	9	926.9505	2020	9.3
A	Sports		60.95	9	575.9775	2020	6
A	Sports		85.91	5	451.0275	2020	8.6
A	Sports		43.06	5	226.065		2020	7.7
A	Sports		45.58	1	47.859		2020	9.8
B	Sports		93.72	6	590.436		2019	4.5
B	Sports		78.07	9	737.7615	2019	4.5
B	Sports		83.78	8	703.752		2019	5.1
B	Sports		69.12	6	435.456		2019	5.6
B	Sports		55.07	9	520.4115	2019	10
B	Sports		16.49	2	34.629		2019	4.6
B	Sports		99.96	9	944.622		2019	4.2
B	Sports		90.28	9	853.146		2019	7.2
B	Sports		34.84	4	146.328		2019	7.4
B	Sports		51.91	10	545.055		2019	8.2
B	Sports		93.39	6	588.357		2019	10
B	Sports		46.42	3	146.223		2019	4.4
B	Sports		29.61	7	217.6335	2019	6.5
B	Sports		24.77	5	130.0425	2019	8.5
B	Sports		54.45	1	57.1725		2019	7.9
B	Sports		67.43	5	354.0075	2019	6.3
B	Sports		79.93	6	503.559		2019	5.5
B	Sports		97.74	4	410.508		2019	6.4
B	Sports		57.95	6	365.085		2020	5.2
B	Sports		74.97	1	78.7185		2020	5.6
B	Sports		75.82	1	79.611		2020	5.8
B	Sports		21.87	2	45.927		2020	6.9
B	Sports		67.27	5	353.1675	2020	6.9
B	Sports		88.43	8	742.812		2020	4.3
B	Sports		39.12	1	41.076		2020	9.6
B	Sports		37.02	6	233.226		2020	4.5
B	Sports		34.37	10	360.885		2020	6.7
B	Sports		49.49	4	207.858		2020	6.6
B	Sports		75.92	8	637.728		2020	5.5
B	Sports		98.13	1	103.0365	2020	8.9
B	Sports		73.97	1	77.6685		2020	5.4
B	Sports		93.31	2	195.951		2020	6.3
B	Sports		88.45	1	92.8725		2020	9.5
B	Sports		48.5	3	152.775		2020	6.7
B	Sports		90.74	7	666.939		2020	6.2
B	Sports		20.18	4	84.756		2020	5
B	Sports		51.54	5	270.585		2020	4.2
B	Sports		26.67	10	280.035		2020	8.6
B	Sports		63.06	3	198.639		2020	7
B	Sports		96.8	3	304.92		2020	5.3
B	Sports		54.51	6	343.413		2020	7.8
B	Sports		72.6	6	457.38		2020	6.9
C	Sports		68.12	1	71.526		2019	6.8
C	Sports		24.74	3	77.931		2019	10
C	Sports		48.91	5	256.7775	2019	6.6
C	Sports		83.06	7	610.491		2019	4
C	Sports		44.86	10	471.03		2019	8.2
C	Sports		57.12	7	419.832		2019	6.5
C	Sports		89.8	10	942.9		2019	5.4
C	Sports		34.56	7	254.016		2019	7.3
C	Sports		80.97	8	680.148		2019	9.3
C	Sports		76.4	2	160.44		2019	6.5
C	Sports		19.15	6	120.645		2019	6.8
C	Sports		87.16	2	183.036		2019	9.7
C	Sports		14.39	2	30.219		2019	7.2
C	Sports		23.75	9	224.4375	2019	9.5
C	Sports		14.7	5	77.175		2020	8.5
C	Sports		95.44	10	1002.12		2020	5.2
C	Sports		14.36	10	150.78		2020	5.4
C	Sports		95.49	7	701.8515	2020	8.7
C	Sports		99.24	9	937.818		2020	9
C	Sports		82.93	4	348.306		2020	9.6
C	Sports		73.95	4	310.59		2020	6.1
C	Sports		54.55	10	572.775		2020	7.1
C	Sports		36.98	10	388.29		2020	7
C	Sports		58.39	7	429.1665	2020	8.2
C	Sports		71.92	5	377.58		2020	4.3
C	Sports		49.33	10	517.965		2020	9.4
C	Sports		73.98	7	543.753		2020	4.1
